Case #1: 
1000000110000001 257 6562 65537 390626 1679617 5764802 16777217 43046722 100000001 
1100000111000001 257 6562 65537 390626 1679617 5764802 16777217 43046722 100000001 
1010000110100001 257 6562 65537 390626 1679617 5764802 16777217 43046722 100000001 
1110000111100001 257 6562 65537 390626 1679617 5764802 16777217 43046722 100000001 
1001000110010001 257 6562 65537 390626 1679617 5764802 16777217 43046722 100000001 
1101000111010001 257 6562 65537 390626 1679617 5764802 16777217 43046722 100000001 
1011000110110001 257 6562 65537 390626 1679617 5764802 16777217 43046722 100000001 
1111000111110001 257 6562 65537 390626 1679617 5764802 16777217 43046722 100000001 
1000100110001001 257 6562 65537 390626 1679617 5764802 16777217 43046722 100000001 
1100100111001001 257 6562 65537 390626 1679617 5764802 16777217 43046722 100000001 
1010100110101001 257 6562 65537 390626 1679617 5764802 16777217 43046722 100000001 
1110100111101001 257 6562 65537 390626 1679617 5764802 16777217 43046722 100000001 
1001100110011001 257 6562 65537 390626 1679617 5764802 16777217 43046722 100000001 
1101100111011001 257 6562 65537 390626 1679617 5764802 16777217 43046722 100000001 
1011100110111001 257 6562 65537 390626 1679617 5764802 16777217 43046722 100000001 
1111100111111001 257 6562 65537 390626 1679617 5764802 16777217 43046722 100000001 
1000010110000101 257 6562 65537 390626 1679617 5764802 16777217 43046722 100000001 
1100010111000101 257 6562 65537 390626 1679617 5764802 16777217 43046722 100000001 
1010010110100101 257 6562 65537 390626 1679617 5764802 16777217 43046722 100000001 
1110010111100101 257 6562 65537 390626 1679617 5764802 16777217 43046722 100000001 
1001010110010101 257 6562 65537 390626 1679617 5764802 16777217 43046722 100000001 
1101010111010101 257 6562 65537 390626 1679617 5764802 16777217 43046722 100000001 
1011010110110101 257 6562 65537 390626 1679617 5764802 16777217 43046722 100000001 
1111010111110101 257 6562 65537 390626 1679617 5764802 16777217 43046722 100000001 
1000110110001101 257 6562 65537 390626 1679617 5764802 16777217 43046722 100000001 
1100110111001101 257 6562 65537 390626 1679617 5764802 16777217 43046722 100000001 
1010110110101101 257 6562 65537 390626 1679617 5764802 16777217 43046722 100000001 
1110110111101101 257 6562 65537 390626 1679617 5764802 16777217 43046722 100000001 
1001110110011101 257 6562 65537 390626 1679617 5764802 16777217 43046722 100000001 
1101110111011101 257 6562 65537 390626 1679617 5764802 16777217 43046722 100000001 
1011110110111101 257 6562 65537 390626 1679617 5764802 16777217 43046722 100000001 
1111110111111101 257 6562 65537 390626 1679617 5764802 16777217 43046722 100000001 
1000001110000011 257 6562 65537 390626 1679617 5764802 16777217 43046722 100000001 
1100001111000011 257 6562 65537 390626 1679617 5764802 16777217 43046722 100000001 
1010001110100011 257 6562 65537 390626 1679617 5764802 16777217 43046722 100000001 
1110001111100011 257 6562 65537 390626 1679617 5764802 16777217 43046722 100000001 
1001001110010011 257 6562 65537 390626 1679617 5764802 16777217 43046722 100000001 
1101001111010011 257 6562 65537 390626 1679617 5764802 16777217 43046722 100000001 
1011001110110011 257 6562 65537 390626 1679617 5764802 16777217 43046722 100000001 
1111001111110011 257 6562 65537 390626 1679617 5764802 16777217 43046722 100000001 
1000101110001011 257 6562 65537 390626 1679617 5764802 16777217 43046722 100000001 
1100101111001011 257 6562 65537 390626 1679617 5764802 16777217 43046722 100000001 
1010101110101011 257 6562 65537 390626 1679617 5764802 16777217 43046722 100000001 
1110101111101011 257 6562 65537 390626 1679617 5764802 16777217 43046722 100000001 
1001101110011011 257 6562 65537 390626 1679617 5764802 16777217 43046722 100000001 
1101101111011011 257 6562 65537 390626 1679617 5764802 16777217 43046722 100000001 
1011101110111011 257 6562 65537 390626 1679617 5764802 16777217 43046722 100000001 
1111101111111011 257 6562 65537 390626 1679617 5764802 16777217 43046722 100000001 
1000011110000111 257 6562 65537 390626 1679617 5764802 16777217 43046722 100000001 
1100011111000111 257 6562 65537 390626 1679617 5764802 16777217 43046722 100000001 
