Case #1: 33.33333333 66.66666667
Case #2: 0 100
Case #3: 25 25 25 25
Case #4: 34.66666667 26.66666667 38.66666667
Case #5: 14.28571429 14.28571429 14.28571429 14.28571429 0 14.28571429 14.28571429 14.28571429
Case #6: 50 50
Case #7: 11.4331723 10.39797562 10.81205429 11.64021164 11.4331723 9.98389694 10.39797562 0 12.05429032 11.84725098
Case #8: 10 10 10 10 10 10 10 10 10 10
Case #9: 2.272727273 13.86363636 14.31818182 13.86363636 13.86363636 14.31818182 13.86363636 13.63636364
Case #10: 10.04510045 13.18163182 13.18163182 12.25912259 12.81262813 8.569085691 7.646576466 10.2296023 12.07462075
Case #11: 47.27272727 52.72727273
Case #12: 0 25 25 25 25 0 0
Case #13: 66.66666667 33.33333333
Case #14: 9.90990991 9.72972973 10.63063063 9.54954955 11.71171171 9.369369369 9.189189189 12.07207207 9.72972973 8.108108108
Case #15: 11.11111111 11.11111111 11.11111111 11.11111111 11.11111111 11.11111111 11.11111111 11.11111111 11.11111111 0
Case #16: 0 19.48998179 17.85063752 5.391621129 10.96539162 9.981785064 8.342440801 19.48998179 7.686703097 0.8014571949
Case #17: 86.20689655 13.79310345
Case #18: 16.66666667 16.66666667 16.66666667 16.66666667 16.66666667 16.66666667
Case #19: 0 100
Case #20: 19.93355482 0 0 0 19.93355482 0 20.26578073 19.93355482 19.93355482
