Case #1: 0.583333333 
Case #2: 1.2 
Case #3: 0.51 8.01 8 
Case #4: 3.4e+010 4.5e+009 3.8e+010 3.75e+010 4.7e+010 4.2e+010 1.5e+009 3.55e+010 1.2e+010 4.35e+010 3.7e+010 7.49999999e+009 3.15e+010 3.95e+010 2.65e+010 1.7e+010 5e+009 2.9e+010 1.1e+010 4.3e+010 2.8e+010 4.1e+010 2e+009 2.95e+010 9.99999999e+009 1.75e+010 2.75e+010 1.9e+010 4.6e+010 3.45e+010 1.25e+010 2.7e+010 1.8e+010 4.65e+010 6.99999999e+009 1.4e+010 3.6e+010 3.3e+010 1.65e+010 4.8e+010 2.85e+010 4.15e+010 3e+009 2.5e+010 8.49999999e+009 4.95e+010 4.75e+010 4.85e+010 4e+010 4.05e+010 4.25e+010 1.6e+010 4.45e+010 1.45e+010 6.49999999e+009 1.05e+010 2.35e+010 9.49999999e+009 5.99999999e+009 1.55e+010 1.5e+010 3e+010 1.3e+010 4.55e+010 2.15e+010 7.99999999e+009 2.3e+010 3.9e+010 2.1e+010 2.4e+010 3.85e+010 2.6e+010 2.25e+010 2.05e+010 1.35e+010 3.1e+010 4.5e+010 2.55e+010 2.45e+010 5.49999999e+009 3.35e+010 3.5e+009 3.5e+010 1.95e+010 2.2e+010 2.5e+009 3.65e+010 3.2e+010 4.4e+010 8.99999999e+009 3.25e+010 1.85e+010 500000000 1.15e+010 999999999 4.9e+010 2e+010 3.05e+010 4e+009 
Case #5: 0.666666667 1.98855136 1.86685824 0.62037037 0.677248677 9.00282828 0.78313253 1.57516272 0.742063492 4.58685824 9.66949495 0.607476636 1.08908046 2.72 2.00925926 1.22222222 9.67511973 2.48148148 3.34037037 9.0676431 0.422413793 0.8635923 2.50214652 1.34391534 1.07228916 0.0804597701 2.13095238 3.32142363 4.72925926 10.8789458 9.89171717 9.61030492 9.49005689 11.0640086 10.0919087 0.555555556 3.77777778 1.44444444 10.4991938 3.79651941 6.22222222 9.42524208 4.16444444 1.80722892 0.121693122 6.33474936 1.49470295 2.6031746 5.66666667 3.27555556 5.72727273 9.05474936 1.56613757 2.36111111 6.28703704 10.456532 1.15274893 1.88768869 2.42168675 10.2769716 3.24096386 6.14968652 8.86968652 8.44727273 3.94222222 
Case #6: 1.03225806 1.04545455 15.4557823 16.8631897 3.81818182 0.545454545 11.0454545 1 5.72991202 1.66666667 9.95578231 1.83870968 15.3333333 1.05835777 0.361111111 6.03153989 0.916666667 1.12244898 1.33333333 16.122449 0.333333333 0.921994135 2.16666667 3.38709677 4 0.740740741 11.6363636 16.7407407 1.18080675 9.40909091 1.02777778 2.13636364 1.8516129 12.9897361 3.02777778 0.12244898 1.35364397 1.25 4.37653959 2.51612903 14.4557823 14.3333333 4.05555556 4.36363636 3.58064516 4.3213859 5.7170088 7.27272727 3.70967742 3.83108504 3.7856305 1.16790353 1.75 7.81818182 16.4557823 16.0012369 0.0129032258 16.3333333 3.77272727 0.694444444 3.36111111 15.8787879 5.90909091 15.4557823 0.612903226 2.14926686 9.83333333 15.3333333 16 11.0909091 0.694444444 0.909090909 
Case #7: 0.0481283422 0.248407643 0.518716578 9.77777778 0.184210526 0.149350649 0.0909090909 2.25 0.421052632 
Case #8: 0.263157895 2.29020468 9.5052356 7.59722222 1.25 10.0242832 0.0138888889 1.04020468 8.32017544 10.5453634 10.291604 9.8179198 10.2611253 7.58333333 0.019047619 0.526315789 7.59722222 8.34722222 8.37280702 10.5644879 9.53571429 0.268393497 0.00523560209 0.5 1.25 1.98684211 8.38669591 9.03571429 6.5 0.782205514 9 8.33333333 2.27631579 7.58333333 0.0357142857 10.0190476 10.0547619 2.03947368 6.33333333 10.5949666 0.287441116 4.5052356 4.5 6.7552356 6.34722222 10.2558897 10.550599 6.76912449 0.282205514 0.416666667 9.0052356 1.02631579 2 6.75 0.763157895 9.5547619 9.51904762 0.519047619 1.0592523 6.76388889 10.5810777 0.755889724 1.04536341 10.5592523 9.5 0.789473684 9.78220551 0.736842105 0.545363409 9.52428322 8.33406433 0.421902269 
Case #9: 19.1130587 2.6 37 14.5 4.21428571 6.93210634 0.398773006 4.61305872 0.666666667 18.7142857 6.53333333 3.42857143 
Case #10: 6.98316498 2.22916667 2.22727273 5.04282407 1.08823529 4.97269255 3.90909091 0.0247933884 3.57269255 2.17647059 8.95191498 8.79248366 2.20126398 0.142440447 10.7928241 5.82352941 3.54789916 8.52777778 2.04166667 0.828571429 1.3483228 3.04248366 5.75 1.37142857 8.82407407 1.32352941 4.94789916 4.5 0.958333333 1.58361692 0.117647059 1.52941176 4.03240741 6.68686869 9.78240741 6.67647059 4.85294118 0.264705882 1.26041667 3.23613445 6.02941176 2.67185221 1.55882353 2.77142857 4.87773456 1.96875 2.64705882 2.97142857 3.07407407 2.77777778 
Case #11: 1.21428571 2.42857143 0.487046632 2.78571429 11.9870466 2.81271777 11.5 0.871192974 3.2997644 0.384146341 1.58547869 2.67857143 1.09843206 0.714285714 2.07142857 
Case #12: 1.52941176 3.08823529 3.29032258 0.378378378 3.67647059 1 1.55882353 0.967741935 1.05882353 3.66870096 2.5 1.55882353 2.24324324 5.53356582 0.64516129 
Case #13: 1.18181818 9.22572734 1.63636364 7.1978022 2.95981773 5.71428571 1.23529412 1.64176904 0.49025389 9.28067239 1.05256716 1.39393939 1 8.98351648 0.217526618 0.975102375 9.48351648 0.133802817 9.1978022 0.53979354 1.58823529 9.14285714 10.5 1.17647059 0.0549450549 0.0774647887 9.98351648 9.92857143 6.93460765 6.85714286 0.484848485 1.18722359 6.41208791 0.0828701941 1.71923383 0.567718679 10.5549451 1.3993448 8.92857143 1.09356725 7.14285714 2.96522314 0.350192061 0.622663734 0.545198945 9.42857143 2.88235294 0.0935672515 9.22032193 1.81965094 1.26468838 0.272727273 7.78571429 6.94001305 0.00540540541 0.212121212 1.47680959 3.35294118 0.96969697 6 9.27526699 1.76470588 0.278132678 6.35714286 
Case #14: 0.25 0.333333333 
Case #15: 0.515463918 48 0.391752577 44.5 1.06185567 1.3814433 1.30927835 32.5 6 5.69230769 
Case #16: 1.5 
Case #17: 0.045045045 9.46140652 2.63636364 1.54545455 6.82504288 4.31227273 6.17590909 2.87049743 2.40909091 57.8250429 4.6432247 52.8632269 61.0068611 3.82504288 6.09090909 4.41595197 51 0.188679245 2.76681818 4.45454545 2.59777015 6.27958834 1.81818182 3.63636364 52.5454545 52.8181818 0.545454545 3.90909091 2.68181818 2.49409091 3.37049743 51.7341338 2.82504288 51.5454545 4.53954545 24 10.0068611 3.99409091 4.22727273 0.734133791 3.72136364 2.72136364 1.86322686 0.085 9.27272727 5.18867925 
Case #18: 11.1111111 1.11111111 0.647368421 0.536842105 2.58333333 10.9166667 4 3.41666667 0.064516129 0.173684211 
Case #19: 9.28728729 9.05 2.97142857 5.5 10.3413413 3.49376299 1.58108108 4.05714286 2.9 2.43970894 1.05 4.08571429 6.31005291 6.84134134 19.5 0.653846154 1.42857143 1.05405405 4.7 0.8 7.95714286 3.375 2.22857143 6.46296296 22.1285714 3.25714286 10.8818819 1.85714286 3.025 1.2 6.12857143 4.48148148 3.95 2.96296296 7.98148148 20.3 1.45 5.71005291 2.62857143 2.525 8.5 3.5 2.48241758 6.31431431 1.40540541 5.78728729 1.22857143 2.02857143 1.71428571 2.7 2.36813187 4.96296296 23.45 1.35135135 7.38188188 8.46296296 5.22857143 1.56756757 1.5 23.5571429 4.88571429 1.88241758 2.025 21.7285714 2.41891892 24.3857143 2.51428571 5.1 1.61538462 9.81431431 1.87837838 2.96673597 1.3 2.65714286 8.78571429 2.08241758 9.81005291 1.6 21.5 1.82857143 0.824324324 
Case #20: 0.625 8.4 0.3 0.288135593 
Case #21: 6.75757576 0.507575758 5.2226087 1.19354839 4.9269306 4.44 4.94757576 1.3826087 0.6 4.41935484 1.40604839 2.73913043 1.2226087 0.741176471 5.1394306 4.63185484 0.44 0.2125 0.782608696 6.25 
Case #22: 30355174.3 31928671.1 23942940.3 43074406.6 3784686.21 26250655.2 31102585.1 8636616.16 28890428.8 30809094.4 2826388.86 3035349.91 34565145.2 31433984.2 8767032.48 28839237.9 5461632.19 12272124.6 4314017.45 32567330.7 18651485.1 25558941.9 31753112.3 31711556.4 7302286.93 28265539 24436583.5 29204508.1 30897338 26835648.1 40350243.6 25394880.9 34435719.4 24071313.3 31346286.2 2450356.98 10379096.4 3918341.91 11193314.8 22455311.7 23998602 19832002 25614603.6 17405719.7 8686266.44 24623491.7 23080201.5 25112239.6 32425096 1492059.63 23419409.6 20194775.4 38368971.8 38993861.5 24461712.4 33621501.1 4876639.26 25924212.1 9845842.34 24038498.8 4369679.14 27005267.8 25979873.8 28704036.9 30532067.8 41206017.9 10101361.7 20139113.7 9728569.21 9287143.36 35514529.3 28648375.2 23413609.1 26779986.4 29881540.6 25029610.7 29730284.6 39984973.4 24567830 27160746.6 27223236.2 19609782.5 11180171.6 30060282.4 2979688.22 30246810.8 7594313.39 27848126 28119043.9 32790366.3 6259984.16 25292357.8 7952814.13 18740048.9 33646140.5 25926458 28916066.2 5405970.5 32970973.9 29540956 
Case #23: 2.28571429 0.451612903 4.4 3.7037037 4.37037037 1.80952381 9.6 2.25925926 0.761904762 2 4.21052632 0.348484848 0.473684211 5.66469702 2.11111111 3 3.77777778 1.63157895 3.40740741 2.62260792 4.8516129 2.59259259 2.44466306 0.333333333 3.04761905 6.4962406 5.21308411 10.0516129 0.813084112 
Case #24: 0.441176471 3.63157895 1.38095238 3.30803271 0.575757576 0.723905724 0.858823529 2.33346066 1.45331749 1.42390572 2.96632997 1.43458111 3.20308123 1.0952381 2.23160173 0.7 2.53571429 1.08754209 0.303030303 3.48543417 0.723529412 3.1442577 1.5768469 3.46685624 0.852941176 3.36315253 2.04978355 2.76190476 0.382352941 0.761904762 2.57894737 1.48051948 1.30516934 2.31578947 1.42869875 1.27575758 3.65789474 3.31798942 2.81818182 2.504329 1.29928699 3.06798942 1.58272925 2.96428571 2.33530544 1.92857143 0.954545455 2.15348725 0.894736842 2.81578947 0.904761905 1.30516934 4.26561695 3.46190476 4.24208754 2.60526316 0.103703704 0.729411765 0.564705882 0.148148148 3.21428571 2.18051948 0.939393939 3.35727018 1.45331749 1.44743514 3.07894737 2.63941799 2.33934301 2.60803271 3.204329 2.76315789 2.03227513 0.729411765 0.954545455 1.84415584 1 1.05824916 0.285714286 2.0952381 3.54208754 
Case #25: 2.30769231 57 2 6.21428571 59 48.5 64.6428571 2.35897436 1.46153846 4.35714286 4.02564103 4.78571429 3 3.5 1.5 3.05128205 3.27236467 2.41025641 2.19230769 2.94871795 4.30769231 65.2142857 3.25641026 3.17948718 1.82051282 1.53846154 62 2.84615385 0.846153846 3 3.14285714 0.118518519 3.38461538 62.5 3.15384615 2.46153846 2.69230769 2.84615385 1.58005698 2.53846154 4 5.64285714 4.92857143 60.5 1.38461538 63.9285714 
Case #26: 16 71 3.22727273 2.20588235 0.363636364 73.9801865 50.025641 2.29411765 2.13636364 1.5 1.38235294 3.56756757 73.3438228 25.025641 73.9545455 1.52564103 74.2529138 1.44117647 0.116550117 1.72834373 2.95454545 2.31818182 1.5 0.621568627 0.923076923 3.85654886 2.77272727 62.025641 0.0256410256 2.08108108 3.8024948 0.0909090909 1.86486486 5.72141372 0.0333333333 2.54054054 1.88235294 74.2272727 25 2.45945946 71.025641 62 4.07692308 2.84615385 73.3181818 48 1.7027027 3.40540541 1.64864865 3.88218988 50 48.025641 0.588235294 3.61538462 2.15384615 
Case #27: 15 0.00757575758 2.4 19.3290043 3.72186147 2.53333333 1.46428571 17.2218615 3.71428571 4.9 4.82142857 3.8 2.43614719 7.80757576 0.0151515152 7.8 20.3647186 13.1 18.2218615 14.5075758 2.96666667 9.27186147 2.46428571 15.9718615 1 2.71428571 8.5 5.85714286 3.24761905 9.5 3.25519481 17.7551948 4.6 2.72186147 5.86471861 1.6 9.8 0.533333333 3.5 1.47186147 7.9 1.6 2.42857143 14.5 4.82900433 
Case #28: 3.49811321 0.218623482 2.44827586 0.331578947 3.77076923 1.77076923 2.89433962 0.384210526 1.93076923 3.88263763 0.846740193 0.715970962 0.0263157895 3.85632184 5.61494253 3.62888244 2.68054652 1.88 1.8 0.32 2.4604244 4.01340686 0.352631579 0.916666667 1.79708502 1.09433962 3.31143376 3.65519823 0.426315789 1.69811321 0.863157895 1.64 2.32965517 3.05142464 0.830188679 0.226315789 2.03708502 3.02510885 0.424528302 1.24329692 3.64 0.130769231 0.468421053 0.908278654 2.35597096 1.86792453 0.192307692 0.115789474 1.96551724 3.16666667 4.07494532 5.13218391 1.95708502 1.21698113 2.01076923 1.5862069 3.79708502 0.15708502 0.263157895 0.689655172 1.02830189 4.75287356 1.00943396 
Case #29: 0.965217391 1.4 1.02236025 1.57142857 1.23333333 1.29047619 0.457142857 0.628571429 1 0.921052632 0.868421053 1.6 0.526315789 0.552631579 1.96521739 1.24444444 0.5 2.13664596 1.11428571 0.565217391 0.444444444 0.157894737 1 0.4 0.976328502 1.37142857 0.652173913 0.833333333 2.4047619 2.23333333 0.411111111 1.5 0.0111111111 0.763157895 1.46190476 0.921052632 1.19378882 
Case #30: 6.2173913 2.9546875 2.8796875 1.73684211 6.57705592 3.4296875 7.80555556 5.6296875 2.53499053 44.5546875 1.90999053 5.13043478 43.6046875 3.42105263 5.55555556 1.94736842 1.425 5.43478261 10.0055556 1.7 0.0303030303 6.98055556 2.28571429 6.65217391 3.5046875 2.5046875 7.04347826 2.95652174 7.50543478 7.88055556 2.47368421 2.95 2.325 4.45 42 0.85 3.21052632 6.91540179 3.82705592 4.71540179 3.5546875 2.46540179 1.1796875 3.1296875 2.12705592 3.89040179 2.775 4.84040179 4.6296875 8.33055556 43.8796875 4.50205592 1.63499053 5.41540179 4.65999053 3.15999053 5.60869565 2.375 3.9546875 2.5546875 8.50555556 1.6046875 3.7826087 0.20999053 4.16540179 46.6296875 1 2.4296875 38 2.98499053 2.25 0.0101010101 1.8796875 44.5046875 0.1796875 7.93055556 2.6046875 6.40555556 42.1796875 2.57142857 45.1296875 
Case #31: 0.111111111 0.864864865 0.78125 0.901524527 1.07766089 2.23391089 1.62408907 0.577678181 0.651752255 0.595397378 1.04641089 2.51851852 1.25925926 0.96875 0.518518519 1.07407407 0.972972973 0.0113636364 0.664466447 1 0.626626627 0.0251256281 2.125 1.21921922 1.49085534 0.555555556 0.792613636 0.486486486 0.553355336 0.62962963 1.20730781 1.24434485 0.96875 1.28125 1.35135135 1.37837838 1.185769 1.08543771 1.53125 0.108108108 0.133233736 0.00884955752 1.19654882 1.21867145 0.552552553 0.686589072 1.59896344 1.18218218 0.621621622 1.64016089 1.19354582 1.11111111 0.444444444 0.9375 2.40740741 1.37037037 0.108910891 2.51551552 1.07685811 0.890160891 0.661463444 1.39016089 1.60196645 1.18518519 0.630471179 
Case #32: 0.631578947 4.97832817 1.73333333 1.9 4.76470588 1.65164941 4.5 1.35753176 0.294117647 0.264900662 0.482758621 4.89829449 2.4 2.3 0.736842105 2.59891107 1.03095975 0.620689655 4.3 2.86381173 1.50464396 0.89647961 1.00174277 1.21052632 0.894736842 1.8 1.86206897 1.18885449 1.52631579 2.38275862 1.62243242 4.68421053 4.78275862 4.63339383 1.82043344 1.81609195 1.79121645 0.925696594 3.89655172 2.21609195 1.47542698 1.33333333 2.76666667 1.62068966 1.1596375 
Case #33: 6.25925926 0.235294118 3.89154412 3.66666667 8.36363636 4.09090909 20.8484848 8.3 3.51851852 8.34782609 20.7003367 5.13043478 4.2173913 0.111111111 3.65625 4.6 1.13043478 1.34375 17.1818182 17.2929293 4.8 5.30434783 
Case #34: 0.744558298 5.69069644 0.80186824 1.16297935 3.81502613 0.131889458 3.14196812 3.63888889 4.61414141 3.1074238 0.017699115 3.57964602 0.919515299 1.08333333 0.0796460177 0.789473684 3.42857143 2.8574238 0.682611396 14.25 1.88520157 5 3.09090909 1.02857143 0.0181818182 9.5 3.57964602 2.90151515 3.20558214 1.80555556 3.69729308 0.0353982301 14.0959596 11.3181818 12.5909091 3.95216064 1.09473684 14.3676471 2.11419034 0.722222222 0.875267511 2.62857143 0.839869281 1.89542484 0.568421053 3.18740032 3.67613725 5.45707071 3.02777778 1.21052632 2.95391502 12.6874003 0.857568396 1.6 3.20509943 3.12426901 5.47525253 0.117647059 3.5 5.01818182 1.25947058 3.87251462 1.18947368 5.70887826 0.114190343 1.77777778 0.757620452 2 0.664912281 12.4015152 2.08333333 2.91969697 1.83636364 2.48571429 3.58986928 3.47222222 2.77142857 2.09649123 1.81818182 0.0964912281 0.739921337 4.5959596 0.176137246 2.00284863 4.04865187 3.71853491 3.10909091 2.77777778 12.7050994 0.700310511 
Case #35: 4.36842105 1.73684211 2.26315789 0.31496063 0.421052632 
Case #36: 4.17647059 30 36.8235294 1.52941176 3.83333333 34 1.86956522 1.86111111 5.16666667 4 0.136690647 3.77777778 3.39897698 2.82352941 32.8235294 7 2.58333333 
Case #37: 3969741.54 3850135.55 3294127.52 9866417.46 1680938.36 2239193.25 2891106 5177126.84 990113.461 1318481.31 3301037.83 2368870.7 4770697.63 7972137.04 4406645.87 1865098.18 9674256.76 1992531.3 6710618.82 4388454.45 1021441.57 2414195.9 635649.661 8892494.68 3296492.96 2890063.75 4402100.99 602728.665 8753899.12 1403684.76 937475.924 8806182.35 1424322.05 2069324.48 9274737.86 5822129.28 1839674.36 10230264.8 3941495.39 5372848.72 1770653.17 882491.705 8473781.77 2795201.28 6154610.79 4249504.58 1417411.74 9309907.14 5170216.53 2426053.11 5755091.9 1457431.18 2373415.58 8753544.81 3289582.65 3946040.27 2421508.24 496699.792 6806523.54 7267129.14 2915722 935129.242 5286536.38 1858187.87 2089107.66 9681167.07 657712.884 1803203.65 4302142.12 4954135.81 2510100.62 2512365.44 9405811.86 3845590.67 7885824.71 216936.752 10326169.5 7553424.13 2246103.56 7833187.17 1458668.97 10786775.1 2529930.09 1038718.27 5726224.56 549337.329 6161521.1 5233898.85 1371118.84 1076425.79 8354380.22 2455116.4 8760809.43 2507820.57 3351711.6 1017892.84 6282734.88 2093652.54 2970706.22 2894608.63 
Case #38: 29681862.1 27954935.8 28698687.3 26167133 22559166.5 35292147.2 785971293 27459515.9 26640806.9 47948461.7 30940778.9 42090499.4 27178841.8 38900113.7 47432430.4 26127953.7 24996593.3 29318339.4 30979958.2 784405240 39297412.9 26947943.5 27647799.3 35689446.5 26943484.7 28587698.3 28074845 58654998.3 37768753.3 30110721.8 28315414.2 42544184.8 27498312.6 45485539.1 29985954.4 39616883.7 30369227.5 29594690.6 43712938.9 23187602.1 58257699.1 26447424.5 46153154 26435090.2 784348854 25035772.6 30425613.6 29374725.5 800516053 44110238.1 31781262 32887670.2 26679986.2 31265230.8 31608393.8 39219584.5 26754561 24982909.8 25664208.3 39810266.2 42487798.7 28910347.1 27691695 31837648.1 28394315.8 39412966.9 27308421.8 29413904.8 782678314 781477939 29103729.5 26486603.8 29357518.7 26047481.4 777550501 38166052.6 23570875.3 22519987.2 25303729.9 31991667 780027108 42146885.6 45524718.4 45792675.6 781158468 781671321 24466878.6 28590876.3 27686978.6 46536427.2 29625476 40817258.5 22827123.8 31247915.4 33403701.5 31321616.9 40419959.3 27115039.4 26795568.6 30042340.5 
Case #39: 3.78787879 1.05555556 1.66666667 2.75555556 3.07668793 4.2034632 0.263157895 4.10037879 3.875 1.85 2.03030303 5.76704545 5.66666667 2.9 1.85795455 0.0555555556 1.42105263 6.80952381 3.17316017 3.06060606 3.2034632 2.06060606 1.95 2.29346093 0.6 1.37142857 2.52631579 2.32668793 2.74736842 5.67222222 2.03977273 1.8 1.54545455 2.32376396 4.28679654 1.14285714 3.32668793 4.00901876 4.59090909 3.25901876 2.47368421 1.27777778 2.27113238 3.14393939 2.1875 2.11616162 5.15593434 1.08333333 1.72727273 0.0526315789 3.15 3.11616162 1.6 0.342857143 3.1 1.57142857 4.02857143 4.75 2.24082935 1.45714286 1.4 5.45454545 0.210526316 3.12931951 4.87012987 2 1.38888889 2.2 3.68181818 3.84343434 1.36842105 4.52631579 0.947368421 2.86616162 0.805555556 3.72727273 2.72727273 3.72222222 1.77777778 4.84343434 0.3125 
Case #40: 3.56515152 4.31578947 4.20151515 6.23963317 1.40151515 0.765151515 1.87121212 5.7699362 4.86842105 0.305214724 1.07575758 0.25 0.25 1.15151515 3.05 1.45 4.73684211 4.36842105 4.61842105 0.5 0.555214724 0.0552147239 1.62121212 3.3 0.515151515 2.8 
Case #41: 3.10344828 1.92857143 8.9047619 4.91613588 29.4047619 10.0171865 3.84142324 3.00363967 6.62068966 3.33280255 5.04166667 3.95238095 6.91613588 1.58333333 0.146496815 3.04761905 8.78571429 3.25 5.96551724 3.75862069 9.36201406 25 5.0351835 3.39649682 6.41613588 4 3.13793103 3.5862069 9.375 2.85714286 3.95238095 6.11201406 4.52327874 20.5 6.06316348 3.85714286 0.0828025478 5.91666667 3.28442785 6.53442785 1.66613588 3.16613588 6.76718647 3.66613588 16.75 2.9399454 23 3.45684164 5.375 3.08333333 4.71428571 4.95238095 3.58333333 8 25.452381 3.31034483 4.33333333 6.14157071 5.09887777 28.5 24.8333333 4.75 8.58333333 
Case #42: 11.4285714 0.0847457627 0.268817204 0.128787879 
Case #43: 1.11904762 0.694444444 3.2 1 3.5 0.142857143 3.64285714 0.421052632 0.30075188 0.987951807 4.61904762 
Case #44: 0.504273504 4.52171137 3.20689655 1.83524904 0.310344828 1.90909091 1.33396825 1.11111111 0.946995074 0.844919786 0.724137931 0.203703704 1.64431308 1.54545455 2.8697318 0.572192513 4.31800766 1.85579937 2.26959248 1.75862069 4.74456851 3.09258894 2.11279461 3.41060026 2.49244962 0.56684492 0.636363636 4.54086481 0.222857143 0.342245989 0.524064171 1.42145594 0.743315508 
Case #45: 2.24 0.119266055 2.35926606 4.33333333 0.0434782609 5.75 6.57333333 3.24 0.162744316 1 2.40274432 
Case #46: 1.125 2.03846154 2.07862116 1.69400577 0.217948718 0.75 1.38461538 5.32862116 1.36666667 1.17798013 2.70769231 2.46666667 0.205128205 2.26666667 2.67179487 3.08012821 1.38310834 1.79166667 3.25 1.99679487 1.82051282 4.05833333 3.4 3.41025641 2.81900577 0.0416666667 1.87349295 2.875 2.09144167 2.02564103 0.974358974 1.33012821 4.94400577 4.26346154 0.291666667 3.30298013 6.43118526 0.217948718 1.13333333 1.06666667 5.12349295 1.43759552 6.71323654 1.33333333 1.64102564 0.0404040404 1.73440981 3.46323654 3.18118526 3.02413398 0.208333333 3.12820513 0.0529801325 4.68759552 1.68142968 
Case #47: 2.55172414 1.925 2.13793103 5.56719368 3.325 2.79310345 0.75 5.53571429 3.92857143 3.53571429 1.975 1.74193548 5.86206897 4.10714286 2.86956522 5.85887097 2.21428571 5.58928571 4.325 0.227272727 2.15 4.06896552 4.54545455 4.77419355 2.04545455 0.913043478 1.67857143 3.43478261 3.61624027 2.96428571 3.51724138 3.36363636 2.69565217 3.36990596 3.39130435 2.48387097 3.525 0.818181818 0.0238095238 3.375 4.61290323 1.45 4.2 2.77272727 1.06451613 3.74193548 2 3.60869565 5.48275862 6.06451613 3.17391304 3.52173913 6.31034483 4.84565217 4.25806452 
Case #48: 2.23076923 2.28421053 3.2 1.17647059 0.368421053 3 3.71174089 2.88235294 3.50121457 28.4852941 16.1666667 4.51403509 5.02982456 5.16666667 2.23333333 1.88421053 3.218111 3.53508772 23.25 4.01700405 3.16666667 2.52226721 24.4264706 11.5 11 5.23529412 1.55789474 4.7245614 26.25 2.15384615 22.5 1.86315789 26.1323529 1.34736842 4.18734177 0.987341772 
Case #49: 2.6 
Case #50: 1.53846154 0.445945946 1.80246914 3.74074074 1.46153846 1.85714286 1.58809524 2.90238095 5.74074074 3.28571429 2.27380952 1.84615385 0.0769230769 1.83675214 2.30238095 1.85714286 0.0617283951 0.0833333333 1.88571429 2.16666667 1.66666667 3.85185185 4.51851852 2.81766382 1.88571429 1.74074074 3.40740741 2.25714286 1.17142857 1.82857143 0.144444444 1.07692308 2.48571429 4.44444444 2.51851852 1.69230769 0.416666667 2.66296296 1.53846154 
Case #51: 2.41319872 4.19225806 3.6 3.03225806 2.83819872 3.35605586 3.09770992 1.29596774 0.829166667 3.15416667 3.70916646 2.16129032 2.38461538 2.44545678 3.28416646 2.74285714 5.18461538 5.98461538 1.34596774 2.23420699 4.47096774 2.25806452 0.354166667 4.60961538 5.2228141 1.16 2 0.425 6.13461538 3.68 3.42857143 3.65714286 3.62857143 2.19354839 3.67096774 0.297709924 2.8 0.828571429 1.25357143 3.38831393 1.54787614 3.06152378 1.50547983 2.48611539 1.96774194 3.95416667 0.668548387 1.43291667 3.62857143 4.2270236 0.193548387 1.82854839 0.676908397 0.772709924 2.80961538 0.0729166667 0.779166667 1.35354839 0.618548387 1.03107506 4.04770992 2.8 2.0406586 1.24056707 2.22857143 2.225 2.99354839 1.77854839 1.30357143 0.870967742 3.94354839 2.33098118 0.942857143 0.251908397 4.48571429 0.475 1.68571429 1.36 1.19476554 3.4006586 3.75 
Case #52: 0.643939394 3.36363636 3.875 10.875 8.45454545 6.64285714 14.0909091 0.416666667 6.09090909 7.625 18.625 0.545454545 
Case #53: 2.04761905 5.5 0.393939394 3.80952381 0.857142857 2.80952381 4.15151515 4.46428571 18 1.89285714 0.857142857 0.142857143 1.64285714 1.33333333 5.04545455 2 2.75757576 3.15151515 2.42857143 24.3333333 0.714285714 22 4.22727273 5 6.90909091 4.36363636 1.60714286 4 1.27272727 8.33333333 23.5 5.5 22.2272727 1.10714286 1.10714286 5.03030303 6.81818182 2.3030303 2.25 2.60606061 24.8181818 
Case #54: 1.5 0.760869565 1.1831357 1.32806324 1.38888889 0.151515152 0.949275362 0.444444444 0.806324111 0.876811594 2.58333333 1.48023715 1.16864295 0.459042985 2.23913043 0.833646515 0.427536232 0.454858636 0.0145985401 0.0273224044 0.488240065 0.789855072 0.739130435 1.10144928 0.195310772 1.36111111 0.0437956204 0.378787879 1.25559947 0.804347826 1.13965744 0.639755216 
Case #55: 10.6944444 8.18333333 1.68181818 2.58333333 2.11111111 5.08333333 6.46428571 1.63636364 7.58333333 1.83333333 7.34090909 5.82142857 4.22222222 5.55555556 3.59090909 5.6 5.53571429 6.24747475 3.85714286 8.84090909 3.75 3.58333333 10.4 0.318181818 6.08333333 13.5429293 4.13636364 6.03571429 6.93181818 9.55555556 2.25 11.6944444 7.88636364 9.94444444 5.43181818 10.3611111 3.57142857 8.11111111 2.35714286 4.08333333 3.33333333 1.5 3.79292929 4.85714286 11.8611111 3.40909091 3.75 7.85 5.25 3.71428571 0.333333333 9.4 1.94444444 3.81818182 4.61111111 9.35 11.0318182 0.0454545455 9.18333333 5.11111111 3.5 5.52020202 7.43333333 
Case #56: 2.56666667 3.61538462 0.702702703 5.13513514 2.78571429 0.833333333 4.32432432 2.38461538 0.513513514 5.92857143 3.61538462 1.32432432 2.05405405 2.12820513 6.36666667 4.17857143 3.48717949 3.10810811 2.67857143 3.12820513 0.642857143 1.84615385 4.16666667 2.69230769 2.75675676 4.73333333 4.85714286 5.36666667 3.57142857 1.85714286 4.67857143 1.46153846 3.43333333 1.27027027 3.33333333 1.43333333 
Case #57: 26889762.4 19058001.7 14576315.8 20782256.3 17732017.9 23048961 27735073.6 27385451.1 22504283.5 20626485.3 20020708.6 23403707.9 19943458.5 21025202.6 24875375.8 18005033.8 22362485.1 18558059 28270908 26437080.2 21569880.1 27030704.2 22584221.9 15076258.4 18948428.5 25885268.4 19443515.9 21105141 19532083.8 20565386.1 21358498.6 24216266.3 25312597.9 13276192.6 12776249.9 29548205.5 19262428.4 30000887.7 28965679.9 18826419.4 26507420.3 19762371.1 24218196.4 14531581 25251498.7 22452900.2 28089820.5 23396294.9 25432586.2 24547129.3 28368843.3 20427509.4 30303819 14111576.7 29851136.7 24439259.2 22859030.4 24519197.6 24851966.1 25230122.7 23513827 25551623.3 24399283.9 22059553.8 26255992.7 18987406.3 21603642 28662748.6 20081807.8 19067344.7 11954864.2 19769814.2 14031638.3 12454806.9 20396140.7 24983936.7 22880939.5 21248895.1 16910632.2 29367118 24608228.5 16902673.3 23183870.8 16402730.7 25493685.4 20161746.2 28723590.2 22938968.8 14611519.4 19896198.1 29670049.3 24681005.4 20100647 24136327.9 18765320.2 27916161 17943934.6 26810351.5 22391801 25946367.6 
Case #58: 1.69979716 1.62113779 0.875 1.33333333 1.11428571 1.46078431 0.772058824 1.94354293 3.06219212 1.75862069 2.78067951 1 1.42857143 1.78067951 1.82724814 1.63362069 1.88584367 1.04166667 0.482758621 3.18719212 0.12745098 0.757352941 0.924019608 1.61156187 1 3.20925094 1.90813049 1.01960784 1.02205882 3.04013329 2.18719212 1.88607167 0.428571429 1.48275862 0.875 0.536414566 1.43509128 3.219405 1.03878103 0.556022409 1.76107167 1.33634454 3.04761905 3.12836859 0.314285714 0.162790698 1.44117647 1.8196672 1.96672602 0.514285714 1.75862069 2.69979716 2.75862069 1.9446672 3.24146383 0.843137255 0.852941176 0.75862069 2.94454506 0.88607167 2.61156187 1.04166667 1.51597363 0.941176471 0.676470588 0.944667201 2.86366271 2.63362069 2.219405 0.668805132 0.610209601 0.228571429 1.18872549 1.10784314 2.47619048 0.107843137 0.186046512 0.93872549 0.166666667 2.43509128 1.73901285 
Case #59: 2.1 
Case #60: 1.5 1.9047619 2.27777778 0.0263157895 0.790356394 1.56818182 2.9047619 1.55555556 2.05012531 1.5 0.523809524 0.0382205514 2.95238095 1.55012531 0.0125786164 0.550125313 0.0388944058 3.47619048 0.0681818182 2.47619048 1.94444444 0.0507991677 1 1.95238095 3.11111111 0.444444444 2.11111111 3.21428571 2.06270393 1.52380952 2.22222222 2.02380952 1.56270393 0.5 3 1.95238095 0.0119047619 1.71428571 3.97619048 0.56270393 2 2.71428571 0.777777778 
Case #61: 1.82758621 20 29.0574713 28.2988506 10.8275862 2 83.9655172 2.72413793 0.04 1.58974359 10.6666667 12.04 2.56410256 20.6810345 19.4741379 84.7241379 4.70666667 26.3333333 18.3017241 28.3388506 4.66666667 2.39135135 18.7155172 16.75 82.7296552 76 27.8850575 9 3.35135135 3.1025641 1.05405405 2.86486486 10.9655172 1.84615385 9.86206897 27.9250575 26.3733333 12 4.89189189 10.1428571 1.96551724 10.7066667 9.68965517 0.862068966 3.24324324 82.862069 0.689655172 0.729655172 1.05128205 1.55172414 18.5775862 29 73 16.7066667 29.04 2.35135135 20.04 82 83.1428571 4.08108108 0.285714286 1.4137931 3.93103448 82.6896552 3.46153846 27.0229885 9.72965517 29.0974713 2.91891892 1.09128205 11.7241379 1.8974359 
Case #62: 5.44444444 2.40625 2.59980237 0.832258065 2.54545455 3.13241107 0.679347826 0.586956522 0.948387097 2.11111111 0.0224719101 3.08559783 0.512794491 5.46691635 2.99320652 0.0543478261 0.490322581 0.129770992 3.22480237 1.05806452 
Case #63: 1.56253165 3.7 2.09636364 1.96 0.202531646 1.36 0.136363636 5.68 
Case #64: 5 1.84615385 6.69230769 0.6875 0.775 1.44827586 3.51508621 5.2073939 1.69230769 2.13577586 4.5198939 1.1012931 0.413793103 2.82758621 2.575 
Case #65: 1.46428571 1.53673469 0.76122449 0.628571429 0.5 1.24744898 0.785714286 1.35714286 0.225 1.31887755 1.8125 0.659183673 2.0375 0.0357142857 0.785714286 2.97992424 1.21683673 1.25 2.4375 1.8125 0.803648732 1.91196013 2.07992424 1.01071429 0.720408163 1.125 0.0781385281 0.0306122449 1.025 0.625 1.85492424 0.197674419 2.3125 1.9375 1.9375 0.785714286 1.55481728 0.193877551 0.0918367347 1.05714286 1.2083887 0.142857143 1.075 2.9375 2.87992424 1.25102041 2.1875 0.275812947 1.66742424 0.0424242424 1.75 2.8375 1.66196013 0.983388704 0.12244898 1.8125 1.625 1.15561224 2.35492424 3.0625 0.983388704 0.908163265 0.125 2.3125 0.132653061 1.85492424 1.71428571 0.175077304 0.233388704 0.751020408 0.771428571 2.22992424 
Case #66: 1.80555556 5.47222222 1.44444444 1.68181818 1.08 2.04 4.44444444 14.604798 13.25 5.36868687 2.8 1.52 14.2159091 3.88 4.88 2.92424242 1.52777778 3.53535354 3.66666667 1.44444444 5.19444444 5.5 3.61868687 5 0.388888889 4.44 0.777777778 1.83333333 12.375 12.125 3.92424242 1.88 0.56 5.33333333 1.84 1.09090909 2.47979798 4.84 2.09090909 5.4520202 2.08 1.66666667 13.8068182 1.64 3.36 4.31313131 1.83333333 3.75757576 11.875 15.8825758 3.92424242 4.32 4.80555556 3.09090909 4.05555556 4.32 5.75757576 1.52 4.68 15 1.13888889 4.92424242 5.11111111 
Case #67: 0.127516779 0.854166667 0.0848484848 0.234899329 0.714285714 1.56845238 
Case #68: 55671090.3 48953146.4 41507064.2 38054671.9 53201171.4 13393100.5 37744567.1 40317114.4 43270951.8 15698856.5 50553860.5 26891679.2 6110191.75 52623555.9 28961374.6 7444452.87 52854799.2 19608770.5 14695294.7 39002574.7 47839273 41956412.1 39254170.1 51655388.4 16372477.6 37343247.3 52691713.2 54668996.3 48606774.2 28906426.9 15643908.9 56806849 45408804.5 42454967.1 13629161.1 52218698 2208451.5 40548357.8 31006814.9 49239320.8 36630693.8 37398194.9 51309016.2 53764481 15407848.2 35328499.6 3156354.35 50541515 39369211.6 52087298.1 15809168 24143850.6 28193873.4 14727361.6 18842497.3 50785103.9 6346252.43 54900239.6 3542712.62 38307876.7 29307746.7 54706461 16654933.1 4490615.47 51856054.7 3392415.04 16742109.3 17744296.9 28045590.9 15707030.2 17508236.2 52568608.3 17143429.1 51254068.6 16797057 53993907.4 2444512.18 52969928.1 25091753.5 29871056.3 16045228.7 35352429.9 39600454.9 43502195.2 16608538.3 36300332.7 54761408.6 39443635.3 48551826.6 46537078.8 53533237.7 50652214.6 55107780.8 52799851.6 49516456 17706738.7 53354456.6 16029555.8 14931355.3 15462795.8 
Case #69: 1652514.53 22901214.5 3761280.38 4456419.86 4573476.8 22626063.7 1105518.85 1484021.67 22683961.4 2630996.46 947277.563 2202932.74 22900566.7 4663033.09 22768955.7 23215506.2 22622716.3 1655189.17 73671.9438 22854980.7 22695923.2 22556879.2 23016980.3 4595408.08 4116037.41 22604357.4 4001517.6 1713057.82 2712114.44 22971680.5 22795789.7 1384801.06 1775850.18 22599861.6 22855452.7 1536614.14 22877604.4 22615053.7 22922662.6 22769048.8 22626116.4 4509207.36 22639810.8 3789209.84 1170701.61 1286024.7 1562958.23 18213158.9 22625269.1 22942875.5 22649653.7 22585166.5 22611816.3 22607440 22902989.3 22717458.3 23013641.3 23019831.3 1202831.43 22718288.6 2657835 23592192.7 22500387.1 22998900.9 23219808 22714461.4 1556844.8 22722729 1510949.06 1345572.49 23017298.3 1258529.05 4665707.73 22887328 22961326.1 21406927.4 1047390.13 22719980.3 4269047.62 22722117.8 4356091.05 22651440 22827439.7 22758390.5 1498688.8 990999.04 1320947.92 2176094.2 23063303.1 1732743.68 22868255.9 22746782.1 22795642.2 4567363.36 2257212.18 1584889.52 22668003.9 23116327.2 143481.434 1445901.3 
Case #70: 0.0239520958 0.0111111111 0.417569117 0.393617021 0.432432432 
Case #71: 0.832442068 3.22222222 1.5 1.94054054 0.566666667 1.49411765 3.05524642 1.5 0.1 2.03465819 1.35 0.188235294 3.79217453 0.0266666667 3.95099806 1.06995231 0.529411765 1.37298261 0.2 4.75688041 4.42746865 0.378018018 2.24357084 0.740540541 0.0387096774 0.474747475 0.405045045 1.09661897 1.33333333 4.09520483 3.10524642 2.06132485 0.219354839 1.39964927 0.755442501 1.45 1.76969697 1.90524642 1.89054054 1.70524642 0.515933529 3.40827673 0.540540541 4.92746865 3.76276276 0.0258064516 3.38465819 0.5 3.26276276 0.351351351 2.72222222 0.211764706 1.83333333 0.5 1.7030303 0.212903226 4.59520483 1.46666667 0.567207207 1.8030303 0.303030303 4.29217453 3.43465819 1.7530303 0.541176471 0.728775835 1.45 3.45099806 1.16470588 5.25688041 0.752305246 0.454545455 3.73768849 0.505882353 0.378378378 3.07357357 0.529411765 0.778971913 0.212903226 1.46666667 1.4 
Case #72: 1.50588235 0.853535354 0.939393939 2.4 1.20588235 5.5 1.22222222 3.68235294 0.3 1.18518519 0.818181818 3.38235294 4.3 0.45959596 24.6666667 0.0460526316 24.7127193 0.944444444 0.518518519 
Case #73: 0.0294106955 0.0419893118 1.70236667 1.78571429 0.0125786164 1.7958153 2.60781671 0.464271432 1.67697595 0.451251055 0.448981717 3.28571429 4.17924528 1.8021046 2.61791772 0.00628930818 0.0476190476 0.0188679245 0.0231213873 0.819833088 0.845223813 2.39126166 2.393531 0.428571429 4.18934629 1.24840452 1.66666667 0.0664869721 0.0539083558 0.441150045 0.0101010101 3.2958153 0.057928326 1.27379524 0.80952381 0.0103092784 3.04648915 0.0767962505 1.79200359 1.25067385 2.38095238 1.67924528 0.438672439 1.01010101 0.0231213873 1.80839391 1 1.23809524 0.822102426 0.714285714 0.438880707 0.0104712042 1.7982929 3.03638814 0.0357000036 
Case #74: 2.81081081 0.0559440559 2.32621433 0.0928571429 4.27027027 1.78567379 2.27027027 4.35135135 0.3125 2.35135135 1.72972973 2 4.67756568 2.89285714 4.62162162 2.86675487 4.81081081 6.62162162 
Case #75: 12.2261837 0.908045977 0.811320755 7.07114546 0.22459893 6.22222222 12.7192936 1.55555556 1.33040472 5.87094526 7.03354298 3.42528736 5.74074074 1.07407407 2.35632184 7.86096257 8.15544761 2.27027027 7.059517 2.88596028 4.22222222 0.837294781 0.519083969 2.39285034 1.13264491 9.19136729 8.38004654 2.36687631 11.3888889 12.2002096 6.25982471 7.63636364 16.315508 16.0909091 1.298673 5.05962451 8.96676836 9.18518519 2.87540581 4.54054054 7.05405405 0.025974026 3.68672656 
Case #76: 2.03496503 0.117117117 4.58683584 2.36530704 0.886597938 4.34615385 4.02135202 3.15384615 1.30769231 2.27835052 0.727272727 1.41958042 1.54056477 1.11538462 5.85618729 1.83953384 2.2687747 1.48453608 5.53846154 1.45360825 2.69230769 0.804123711 2.18181818 1.75257732 8.13453781 4.6074544 3.72238295 1.51994621 0.891080233 7.60876461 3.07692308 4.54712522 0.692307692 3.86518636 5.76923077 5.38461538 0.711340206 0.0869565217 1.43298969 0.97355446 0.798296728 
Case #77: 5.28571429 1.57894737 5.07142857 3.44736842 0.75 3.52631579 0.28 6.03571429 0.394736842 4.33333333 
Case #78: 0.588235294 8.88235294 5.52941176 0.297297297 0.47260274 0.833333333 4.94117647 1.13063063 6.33333333 3.41494436 0.404109589 6.63063063 3.11764706 4.24827769 
Case #79: 7.9e+010 9.7e+010 3.4e+010 3.7e+010 8.9e+010 5.8e+010 4.4e+010 1.6e+010 1.9e+010 2.4e+010 6.3e+010 3e+010 5e+009 3.8e+010 7.4e+010 7.7e+010 5.3e+010 6.9e+010 7e+010 5.2e+010 6e+010 5.9e+010 9e+010 5.6e+010 4e+009 6e+009 6.5e+010 4.2e+010 6.1e+010 7.8e+010 3.6e+010 9.4e+010 5e+010 3e+009 4.7e+010 9.3e+010 6.4e+010 4.1e+010 5.7e+010 7e+009 8e+009 7.6e+010 2.1e+010 1.7e+010 3.3e+010 1.1e+010 2.9e+010 8.1e+010 9.9e+010 1.5e+010 7.3e+010 2e+010 2e+009 2.6e+010 1.3e+010 1.2e+010 6.8e+010 9.5e+010 6.7e+010 2.3e+010 4.3e+010 8.6e+010 9e+009 8.7e+010 5.1e+010 8.4e+010 9.1e+010 6.6e+010 7.2e+010 9.8e+010 4e+010 4.9e+010 1.8e+010 3.2e+010 3.1e+010 8.3e+010 8.5e+010 1e+009 9.6e+010 4.8e+010 7.5e+010 7.1e+010 5.4e+010 6.2e+010 2.2e+010 1.4e+010 1e+010 8.2e+010 2.8e+010 8e+010 3.9e+010 8.8e+010 5.5e+010 9.2e+010 4.6e+010 4.5e+010 3.5e+010 2.5e+010 2.7e+010 
Case #80: 4 5 57 10.7868438 84.6470588 9.55154965 60.4411765 20.25 4.94117647 3.44117647 8 61.1176471 22.7794118 3.25 3.78684377 3.64285714 22.8970588 2.52941176 22.25 24.3676471 85.1176471 3.23529412 84.4411765 82.4117647 59.5294118 22.75 0.75 8.13978495 0.139784946 4.11764706 21.6617647 23.6911765 13.0809614 3.64705882 24 2.64705882 58.4117647 25.1911765 4.42857143 1.71428571 85.9411765 59.6470588 4 4.17857143 1.55154965 5.08096142 81 3.58096142 2.66919671 60.6470588 61.9411765 1.41176471 2.78684377 10.6691967 1.60714286 3.37507906 0.892857143 
Case #81: 14.25 17 12.4582934 14.7440077 13.75 8.45829338 11 5.74400767 16.2857143 15.75 19.6785714 5.42857143 15.75 5.74400767 12.1428571 6.88686481 6.57142857 11 1.5 14.4285714 0.00613496933 8.14285714 4.85714286 0.315436242 5.42857143 16.6011505 7.42857143 7.74400767 
Case #82: 4.62987013 1.66233766 0.422077922 0.102941176 3.07142857 3.49350649 2.69444444 5.50541126 1.03246753 5.08333333 4.1038961 1.55844156 0.322222222 2.25 
Case #83: 0.25 0.333333333 
Case #84: 225221444 198022672 197684514 224123652 232038729 194179084 194290394 196156564 193066714 191594875 202193913 234348642 202732915 230567017 202150727 227575357 199528348 232828755 230177402 189967368 223701556 196113379 195016759 193596896 204105286 193084984 235075049 202857104 190540736 226521218 235415660 199550621 226848950 205633235 193445625 201460124 225956115 236986422 190389465 194651035 196695567 236260016 199888989 200471177 225329062 225947850 200161585 227865617 196222170 204644288 204788879 199094567 201005940 203721862 224090007 204062101 224274923 194923327 193640081 198561674 193236255 222627663 230903809 195752738 199932174 228311294 194027812 195233223 226369947 234740128 232813311 231194373 194594663 197618846 203799932 221573524 203217745 194694220 195168031 193488810 226791406 197979487 193605716 232086904 221000156 233895772 229037701 196832829 221422253 225794811 228657514 201790086 203260930 230127355 193023528 192662887 193057219 225643540 236142067 203701460 
Case #85: 8.6 1.41176471 6.7 3.73684211 0.318181818 5.14860681 4.73684211 0.210526316 1.13636364 8.11176471 
Case #86: 13.9588023 5.58116883 0.0357142857 0.896551724 0.323529412 14.2235081 19.7664946 16.8090909 0.75862069 13.8664946 1.49025974 1.54685315 0.0769230769 1.31034483 14.4314685 3.22210953 14.3545455 12.3117434 5.63776224 13.9022088 5.9 2.95740365 1.44609143 10.9448052 14.1312004 7.35454545 8.53146853 1.36916836 0.676470588 0.0923076923 14.1669147 11.8056426 12.25515 0.151131222 0.0588235294 8.45454545 0.344827586 11.8979503 1.91176471 12.2194357 1.45454545 18.1194357 11.0013986 0.135746606 0.794117647 8.49025974 0.206896552 11.8413569 20.0312004 0.0294117647 0.00892857143 10.9090909 5.54545455 11.4454545 1.64705882 
Case #87: 0.00595238095 7.86029412 1.75735294 7.84558824 6.875 7.125 6.93706897 1.375 0.00595238095 1.81942191 0.0620689655 0.0175438596 0.735294118 0.720588235 0.715447154 1.43382353 
Case #88: 1.72458472 1.80170336 1.99458472 1.70714286 1.97714286 1.08108108 0.0672968116 0.0120481928 0.787815485 0.775767293 1.5 0.805257346 1.22564159 1.22857143 0.71594546 0.186440678 1.24 0.660696841 1.31630783 0.982398342 1.18918919 0.144560505 0.189189189 0.648648649 0.837837838 1.24061962 1.33374969 0.843064104 1.20819973 0.775767293 1.67458472 1.65714286 1.40571429 1.27857143 0.648648649 0.860505965 0.375629867 0.793209153 1.13571429 0.32 0.7 0.0174418605 0.793209153 0.964956482 1.65714286 0.127118644 1.08571429 1.42857143 1.56061962 1.8 0.05 1.2 0.0552486188 2.12 0.68 1.29061962 1.54857143 
Case #89: 6 6.11235553 8.03896104 8 8.11235553 20.038961 4.66666667 1.41235553 8.92784993 2.77777778 1.6 6.77777778 1.3 1.3733945 9.00124442 7.92784993 0.112355534 4.7790222 0.0733944954 3.06666667 2.89013331 18.3722944 0.038961039 2.1 9.66666667 0.12037037 7.03896104 20.9278499 8.88888889 2.6 2.81673882 7 12.038961 19.038961 15.3333333 8.00124442 6.44568887 2.1 1.1 4.70562771 12 6.33333333 6.33333333 7.88888889 6.03896104 6.37229437 
Case #90: 0.708333333 1.625 0.635714286 2.13690476 1.92857143 0.821428571 1.5297619 0.598013751 0.112299465 0.983728037 0.378571429 0.748013751 0.762299465 0.208333333 0.65 0.485714286 1.0297619 0.5 0.871428571 2.63690476 0.490870894 
Case #91: 0.462365591 1.20720721 1.44376635 0.0476190476 2.0990991 3.80720721 1.6695728 1.53153153 2.6 0.77709968 2.03571429 1.00290613 0.25 0.425806452 4.6990991 1.93339768 1.7027027 0.540540541 1.43243243 0.475806452 0.2 1.36936937 1 0.23655914 0.666666667 5.9963964 3.96936937 1.66666667 0.75 2.67857143 0.702702703 2.72972973 4.13153153 3.3963964 1.10714286 3.26666667 1.39285714 0.225806452 0.864864865 0.178571429 
Case #92: 13.1323529 0.772727273 4.29411765 0.00909090909 0.168 5.15789474 9.33333333 3.58823529 14.5441176 2.88235294 10.25 13.8382353 
Case #93: 0.428001596 1.91594203 0.287766434 1.20862707 1.10714286 0.0794871795 0.555286144 1.66666667 0.509414584 1.10336391 2.22559901 1.7847769 0.0620300752 0.524637681 0.0263157895 1.13333333 1.7826087 1.26086957 0.118110236 0.0458715596 1.83765457 0.437175907 1.90071893 0.0550458716 0.671426672 0.564460456 0.146788991 0.25 2.31734213 0.177674691 2.30452162 0.160309029 3.58020611 0.519744715 0.0366972477 3.04564647 2.17608125 0.546111832 1 3.05846698 1.67948718 1.79759742 1.80892449 0.133333333 0.538093339 3.5673856 0.186849003 0.141960406 1.02631579 1.06666667 0.0128205128 2.79759742 0.0357142857 0.140977444 0.252052149 0.151134718 1.3789798 2.22195281 0.637854951 0.0666666667 0.391304348 2.2127785 0.128440367 2.18890176 0.105263158 1.05504587 1.11811024 2.7847769 0.196023315 0.653078048 0.0550458716 0.446350219 
Case #94: 0.64516129 1.61764706 0.4 2.07142857 0.941176471 3.94193548 3.04 0.129032258 1.35714286 2.2 1.74193548 2.39285714 4.6516129 2.5218894 1.30434783 3.98117647 2.4516129 2.17391304 0.714285714 0.913043478 1.92857143 0.258064516 2.32352941 4.56941176 2.86956522 3.90285714 1.74193548 1.68 1.05882353 2.76 1.14285714 4.16774194 4.09882353 0.260869565 1.52941176 3.52258065 1.6 1.17647059 1.73913043 1.32258065 0.676470588 4.11714286 3.94193548 1.62732919 3.11508951 4.68 3.71612903 1.51612903 1.26470588 1.96774194 0.941176471 2.21428571 2.60869565 2.32142857 
Case #95: 3.03166667 1.30666667 1.58666667 13.1666667 0.283333333 3.31166667 7.33333333 1.275 5.20309524 5.48309524 3.89642857 3.44642857 2.17142857 1.725 0.75 
Case #96: 0.312734082 1.17391304 5.17647059 0.166666667 0.219512195 3.58823529 1.30434783 8.22222222 3.15384615 1.17391304 3.71611253 5.14285714 4.05555556 1.73913043 1.47826087 4.85714286 5.31273408 9.42236025 1.58333333 3.83333333 2.34782609 0.578486554 1.74358974 3.58567775 8.47940075 5 6.38888889 0.358974359 7.57936508 0.745153221 2.41176471 8.36828964 4.52777778 12.4453782 4.67384519 5.70162297 1.88888889 1.28205128 4.77506775 13.7142857 3.81273408 8.85714286 3.56521739 0.891220636 5.02777778 4.55555556 2.65217391 1.7195122 2.10840108 11.3277311 0.386178862 5.9769821 4.73913043 2.47058824 5.55555556 6.5349563 0.219512195 3.30555556 8.33333333 4.25 5.16666667 1.5 4.20162297 12.5732554 2.69010043 4.27777778 12.4428206 4.33333333 5.85714286 2.72222222 2.12820513 1.42857143 4.47940075 0.146067416 0.388888889 12.4428206 4.85714286 0.532246278 3.66666667 0.578486554 5.24603175 1.57463884 4.05392157 14.834125 4.88617886 3.58567775 11.2689076 6.55555556 4.66666667 1.61111111 
Case #97: 84.5062634 2.80672771 3.19660433 1.90625 1.75919732 80.5909091 1.72785433 3.2173913 3.91535433 2.63636364 1.94376342 0.590909091 82.6363636 12.546311 2.60001342 3.03125 2.31876342 1.21297771 0.756263422 0.913043478 0.52173913 2.94660433 3.77547771 3.32982553 14.140061 2.65217391 3.56521739 3.49832776 4.17597938 4.06354515 4.50626342 83.7875134 13.202561 14.546311 3.78751342 3 1.86922771 3.75626342 0.165354331 0.846153846 2.00910433 81.9437634 3.36789298 80.7562634 2.78125 1.1875 1.35285433 3.41137124 2.56521739 12.921311 15.108811 3.02547771 1.58797771 0.025477707 80 3.30434783 3.1875 82.6000134 2.07160433 11.358811 1.5625 4.15050167 2.52173913 11.3333333 83.7562634 14.358811 3.75 3.05672771 3.21297771 3.16535433 1.84375 1.36789298 
Case #98: 1.13157895 10.2 11.5 0.763157895 11.1315789 1.4 10.7631579 1.5 10 11.6578947 1.7 0.0366972477 20 1.65789474 0.7 
Case #99: 0.135135135 0.392857143 0.209459459 
Case #100: 0.0806451613 7.5 0.0426149834 2.36363636 1.875 0.17105535 1.80876331 1.94378262 8.72727273 0.9 0.0483870968 0.128440367 2.46222411 4 5.875 1.425 4.23863636 0.675 0.00657894737 10 0.215664476 5.10227273 3.64772727 0.069003069 0.987224109 2.45564516 0.948387097 11.5 0.204022383 2.375 0.135019314 1.63157895 0.0872241087 2.4233871 0.0755820164 1.11566448 2.59066448 0.425 6.22727273 1.77272727 2.5 3.81818182 0.032967033 1.76001931 0.036036036 1.81534226 14 0.980645161 3.22727273 1.625 
