Case #1: 3 4 6 
Case #2: 5 6 8 9 10 12 
Case #3: 6 9 12 13 15 16 
Case #4: 3 5 6 11 
Case #5: 2 5 
Case #6: 1 2 3 
Case #7: 4 8 12 
Case #8: 3 4 5 
Case #9: 9 10 11 12 13 14 15 16 17 18 
Case #10: 5 12 19 26 33 40 47 
Case #11: 5 11 
Case #12: 6 8 10 12 14 16 18 
Case #13: 1 2 3 4 6 8 9 10 11 12 
Case #14: 3 4 8 
Case #15: 8 14 18 21 25 29 33 
Case #16: 2 4 
Case #17: 117 145 163 187 210 217 229 
Case #18: 7 14 17 19 21 23 27 
Case #19: 6 7 8 9 10 11 12 
Case #20: 4 9 13 16 17 18 28 
Case #21: 2 5 
Case #22: 5 7 8 9 
Case #23: 12 13 15 19 26 
Case #24: 12 13 14 15 17 22 23 25 27 
Case #25: 2 6 
Case #26: 12 16 18 20 22 23 27 29 31 
Case #27: 6 8 10 11 
Case #28: 3 6 10 
Case #29: 8 16 23 29 34 38 41 43 44 60 
Case #30: 1 2 
Case #31: 3 4 6 7 8 9 12 14 15 
Case #32: 3 5 
Case #33: 2 4 
Case #34: 6 8 
Case #35: 2 22 
Case #36: 3 6 8 9 12 13 16 19 22 23 
Case #37: 4 8 12 16 
Case #38: 4 8 
Case #39: 2 3 4 
Case #40: 2 3 4 5 
Case #41: 7 13 17 18 22 25 29 
Case #42: 12 14 16 20 21 24 
Case #43: 5 9 
Case #44: 22 222 
Case #45: 12 15 20 25 28 31 
Case #46: 2 4 7 8 10 12 
Case #47: 11 12 13 14 15 16 17 18 19 20 
Case #48: 44 60 70 100 105 118 127 141 180 206 
Case #49: 23 30 35 37 40 43 44 
Case #50: 28 32 72 81 
