Case #1: 4 
Case #2: 1 
Case #3: 1 2 
Case #4: 2 9 
Case #5: 12345679 1000000000 
Case #6: 6 
Case #7: 8326287847 5545307705486 11082289123125 16619270540764 22156251958403 27693233376042 33230214793681 38767196211320 44304177628959 49841159046598 55378140464237 60915121881876 66452103299515 71989084717056 
Case #8: 18 
Case #9: 1 2 3 4 5 6 7 8 9 10 11 12 13 14 15 16 17 18 19 20 21 22 23 24 25 26 27 28 29 30 31 32 33 34 35 36 37 38 39 40 41 42 43 44 45 46 47 48 49 50 51 52 53 54 55 
Case #10: 16384 
Case #11: 679588849 271835539250 542991489651 814147440052 1085303390453 1356459340854 1627615291255 1898771241656 2169915475008 
Case #12: 1 
Case #13: 875180870876167 315940294386296071 631005407900729860 
Case #14: 1 2 3 4 5 6 7 8 9 10 11 12 13 14 15 16 17 18 19 20 21 22 23 24 25 26 27 28 29 30 31 32 33 34 35 36 37 38 39 40 41 42 43 44 45 46 47 48 49 50 51 52 53 54 55 56 57 58 59 60 61 62 63 64 65 66 67 68 69 70 71 72 73 74 75 76 77 78 79 
Case #15: 102030405060709 91011121314151618 181920212223242527 272829303132333436 363738394041424345 454647484950515254 545556575859606163 636465666768697072 727374757677787981 818283848586878890 909192939495969799 1000000000000000000 
Case #16: 123456790 
Case #17: 2 204 406 608 810 1012 1214 1416 1618 1820 2022 2224 2426 2628 2830 3032 3234 3436 3638 3840 4042 4244 4446 4648 4850 5052 5254 5456 5658 5860 6062 6264 6466 6668 6870 7072 7274 7476 7678 7880 8082 8284 8486 8688 8890 9092 9294 9496 9698 9900 
Case #18: 1235346792567894 
Case #19: 1 
Case #20: 19699473369925 13848729779056654 27677760084743383 41506790390430112 55335820696116841 69164851001803570 82993881307490299 96822911613177028 110651941918863676 
Case #21: 67 12550 25033 37516 49999 62482 74965 87448 99931 112414 124897 137380 149863 162346 174829 187312 199795 212278 224761 237244 249727 262144 
Case #22: 1 
Case #23: 31525197391593472 
Case #24: 27249053 3515127773 6975757441 
Case #25: 451294366333507 152086201454391667 303721107904380423 
Case #26: 623749 57384866 
Case #27: 129793158834127 30501392273601376 
Case #28: 23452286765157 16909098757677558 33794745228589959 50680391699502360 67566038170414761 84451684641327162 101337331112239563 118222977583151964 135108624054064365 
Case #29: 353015 122142870 243932725 365722580 487512435 609302290 731092145 852882000 974671855 1096461710 1218251565 1340041420 1461831275 1583621130 
Case #30: 1 
Case #31: 1 2 3 4 5 
Case #32: 127330756814592 
Case #33: 8467 3056243 6104019 9151795 12199571 15247347 18295123 21342899 24390675 27438451 30486227 33534003 36581779 39629555 42677331 45725107 48772883 51820659 54868435 57916211 60963987 64011763 67059538 
Case #34: 8 
Case #35: 57017433074093 46754295120755522 93451572808436951 140148850496118380 186846128183799809 233543405871481238 280240683559162667 326937961246844096 373635238934525525 420332516622206954 467029174555181056 
Case #36: 1389927345075 664385270945454 1327380614545833 1990375958146212 2653371301746591 3316366645346970 
Case #37: 686364327 105700106286 
Case #38: 2 62 122 182 242 302 362 422 482 542 602 662 722 782 841 
Case #39: 45278149652935 11998709658027654 
Case #40: 5187 1457283 2909379 4361475 5813571 7265667 8717763 10169859 11621955 13074051 14526147 15978243 17430339 18882435 20334531 21786627 23238723 24690818 
Case #41: 14510016 
Case #42: 12354557878 2112629397048 
Case #43: 884241366768 
Case #44: 274877906944 
Case #45: 1144132808 284889069008 568634005208 852378941408 
Case #46: 1 2 3 4 5 6 7 8 9 10 11 12 13 14 15 16 17 18 19 20 21 22 23 24 25 26 27 28 29 30 31 32 33 34 35 36 37 38 39 40 41 42 43 44 45 46 47 48 49 50 51 52 53 54 55 56 57 58 59 60 61 62 63 64 65 66 67 68 69 70 71 72 73 74 75 76 77 78 79 80 81 82 83 84 85 86 87 88 89 90 91 92 93 94 95 96 97 98 99 100 
Case #47: 100063090197999414 
Case #48: 74734 4251528 
Case #49: 28 
Case #50: 1 2 3 4 5 6 7 8 9 10 11 12 13 14 15 16 17 18 19 20 21 22 23 24 25 26 27 28 29 30 31 32 33 34 35 36 37 38 39 40 41 42 43 44 45 46 47 48 49 50 51 52 53 54 55 56 57 58 59 60 61 62 63 64 65 66 
Case #51: 6925172710277 4182804317006786 8358683461303295 12534562605599804 16710441749896313 20886320894192822 25062200038489331 29238079182461952 
Case #52: 10596382 1790788439 3570980496 5351171875 
Case #53: 1610370514 768146734751 1534683098988 2301219463225 3067755827462 3834292191699 4600828555936 5367364920173 6133901284410 6900437648646 
Case #54: 1 2 3 4 5 6 7 8 9 10 11 12 13 14 15 16 17 18 19 20 21 22 23 24 25 26 27 28 29 
Case #55: 1 
Case #56: 7059 2322099 4637139 6952179 9267219 11582259 13897299 16212339 18527379 20842419 23157459 25472499 27787539 30102579 32417619 34732659 37047699 39362739 41677779 43992819 46307858 
Case #57: 1 
Case #58: 2853116706 
Case #59: 10204 4050608 8091012 12131416 16171820 20212224 24252628 28293032 32333436 36373840 40414244 44454648 48495052 52535456 56575860 60616264 64656668 68697072 72737476 76777880 80818284 84858688 88899092 92939496 96979900 
Case #60: 119855162506 27686542538756 55253221244928 
Case #61: 549755813888 
Case #62: 2 66 130 194 258 322 386 450 514 578 642 706 770 834 898 961 
Case #63: 1 
Case #64: 10610896401216 
Case #65: 172349769889 60667119000658 121161888231427 181656657462196 242151424000000 
Case #66: 103 30406 60709 91012 121315 151618 181921 212224 242527 272830 303133 333436 363739 394042 424345 454648 484951 515254 545557 575860 606163 636466 666769 697072 727375 757678 787981 818284 848587 878890 909193 939496 969799 1000000 
Case #67: 1372 193328 385284 577240 769196 961152 1153108 1345064 1537020 
Case #68: 55995466 28613682652 57171369838 85729057024 114286744210 142844431396 171402118582 199959805768 228517492954 257075180140 285632867326 314190554512 342748241698 371305928884 399862964960 
Case #69: 1 
Case #70: 1235 56790 
Case #71: 1 2 3 4 
Case #72: 1 2 3 
Case #73: 288230376151711744 
Case #74: 7 64 
Case #75: 24 1413 2802 4191 5580 6969 8358 
Case #76: 12345679000000000 
Case #77: 2147483648 
Case #78: 338243 115340548 230342853 345345158 460347463 575349768 690352073 805354378 920356683 1035358988 1150361293 1265363598 1380365903 1495368207 
Case #79: 1497658459 703899475310 1406301292161 2108703109012 2811104925863 3513506742714 4215908559565 4918310376416 5620712193267 6323114010048 
Case #80: 2275868114179 439242518787447 
Case #81: 4620948674882995 
Case #82: 2 16 30 
Case #83: 268822560488 170164680788336 340060539016184 509956397244032 679852255471880 849748113699728 1019643971927576 1189539830155424 1359435688383272 1529331546611120 
Case #84: 2941124884824064 
Case #85: 2 12 
Case #86: 1879048192 
Case #87: 182061 50248586 100315111 150381636 200448161 250514686 300581211 350647736 400714261 450780786 500847311 550731776 
Case #88: 208081880 38495147680 76782213480 
Case #89: 57879 10765334 21472789 32180244 42887699 53595154 64302609 75010024 
Case #90: 2 
Case #91: 2386286637990 813723743554350 1625061200470710 2436398655796875 
Case #92: 2286136885087 1175074358934286 2347862580983485 3520650803032684 4693439025081883 5866227247131082 7039015457463232 
Case #93: 1 
Case #94: 5332 1519352 3033372 4547392 6061412 7575432 9089452 10603472 12117492 13631512 15145532 16659552 18173572 19687592 21201612 22715632 24229652 25743672 
Case #95: 1 
Case #96: 1 
Case #97: 1 2 3 4 5 6 7 8 9 10 11 
Case #98: 12346 679000 
Case #99: 128 
Case #100: 1 2 3 4 5 6 7 8 9 10 11 12 13 14 15 16 17 18 19 20 21 22 23 24 25 26 27 28 29 30 31 32 33 34 35 36 37 
