100
2 3 2
1 1 1
2 1 2
3 2 3
10 9 10
3 3 3
96 7 96
3 4 3
55 1 55
2 15 2
58 7 58
1 4 1
31 12 31
79 1 79
100 9 100
10 10 10
100 2 100
3 33 3
1 58 1
79 9 79
64 3 64
1 3 1
4 29 4
17 8 17
29 12 29
14 7 14
19 13 19
81 9 81
70 5 70
1 100 1
5 1 5
12 15 12
91 4 91
2 4 2
92 9 92
54 9 54
18 9 18
29 2 29
23 12 23
71 4 71
6 11 6
18 10 18
12 13 12
2 39 2
32 8 32
100 1 100
3 37 3
9 7 9
4 4 4
66 1 66
68 9 68
25 7 25
69 7 69
29 1 29
1 11 1
83 4 83
1 85 1
11 11 11
100 4 100
24 10 24
2 40 2
31 2 31
1 98 1
12 14 12
40 9 40
100 3 100
36 4 36
86 6 86
1 7 1
10 5 10
4 1 4
3 1 3
2 59 2
4 3 4
21 3 21
10 18 10
2 32 2
69 5 69
68 7 68
17 12 17
13 16 13
6 2 6
80 8 80
8 19 8
4 2 4
4 17 4
56 5 56
24 8 24
38 5 38
2 2 2
35 10 35
58 9 58
1 91 1
72 4 72
1 29 1
1 2 1
11 1 11
10 6 10
2 8 2
37 1 37
