Case #1: 
11 7 
18 
Case #2: 
2894 1243 4210 9600 
5690 4943 7048 266 
Case #3: 
380 60 3530 
2694 1276 
Case #4: 
3710 2008 2710 2494 440 
4328 3344 3690 
Case #5: 
36483 44352 91554 
27942 83614 60833 
Case #6: 
72946 31507 1651 71480 34026 
53027 91949 13026 53608 
Case #7: 
74500 74962 79364 18093 72600 
98790 62377 94618 63734 
Case #8: 
38012 6590 33360 27402 84455 
35280 26909 80789 46841 
Case #9: 
3946 3590 1592 1237 
3703 3303 3359 
Case #10: 
95129 59813 85386 79687 
75799 42965 80779 34257 79428 6787 
